0      зддддддддддддддддддддддддддддддддддддддддддддддддддддддддддддддддддддд©
1      Ё USER DEFINED - For Example: VNI Code -> VietSea Code (VietRes Code) Ё
2      юддддддддддддддддддддддддддддддддддддддддддддддддддддддддддддддддддддды
3
4
5
6
7
8
9
10
11
12
13
14
15
16
17
18
19
20
21
22
23
24
25
26
27
28
29
30
31
32
33
34
35
36
37
38
39
40
41
42
43
44
45
46
47
48
49
50
51
52
53
54
55
56
57
58
59
60
61
62
63
254
65
66
67
68
69
70
71
72
73
74
75
76
77
78
79
80
81
82
83
84
85
86
87
88
89
90
91
92
93
170
95
167
97
98
99
100
101
102
103
104
105
106
107
108
109
110
111
112
113
114
115
116
117
118
119
120
121
122
181
168
169
171
127     ;
189
199
208
161
207
167
209
182
162
213
198
210
183
215
211
212     ;
184
225
226
163
228
223
232
239
229
230
231
233
241
242
244
165     ;
170
221
227
243
248
245
246
247
249
216
220
222
214
166
159
190   ;
175
172
173
174
208
198
199
207
209
213
210
211
212
214
221
215    ;
216
220
222
227
223
225
226
228
232
229
230
231
233
237
234
235   ;
236
238
243
239
241
242
244
248
245
246
247
249
253
250
251
252    ;
168
169
171
189
182
183
184
190
160
175
172
173
174
181
253
250   ;
251
252
254
164
237
234
235
236
238
156
157
158
153
154
155
255


